0 0.8859375 0.759375 0.228125 0.3125
0 0.56171875 0.8171875 0.253125 0.3046875
0 0.78515625 0.13046875 0.2078125 0.2609375
0 0.496875 0.51171875 0.303125 0.2578125
0 0.24609375 0.8703125 0.1671875 0.259375
0 0.8265625 0.434375 0.2609375 0.2921875
0 0.18671875 0.228125 0.2328125 0.328125
0 0.18515625 0.56796875 0.33125 0.25
0 0.4296875 0.20078125 0.21875 0.25625
0 0.090625 0.16796875 0.1609375 0.1203125
0 0.53359375 0.24375 0.1296875 0.159375
0 0.92578125 0.20390625 0.053125 0.0984375
0 0.2578125 0.67265625 0.03125 0.0578125
