0 0.365625 0.3140625 0.61875 0.590625
0 0.0953125 0.375 0.190625 0.575
0 0.5 0.35703125 1 0.7140625
0 0.328125 0.58125 0.2296875 0.10625
0 0.6453125 0.54765625 0.0671875 0.1078125
0 0.04921875 0.6796875 0.0671875 0.053125
0 0.47109375 0.578125 0.1578125 0.115625
0 0.24765625 0.671875 0.0625 0.04375
0 0.52109375 0.6328125 0.0609375 0.05
0 0.8421875 0.421875 0.240625 0.296875
0 0.771875 0.60078125 0.040625 0.0625
0 0.73359375 0.48671875 0.1453125 0.2375
0 0.9140625 0.459375 0.171875 0.234375
0 0.4578125 0.63671875 0.0515625 0.0421875
0 0.40859375 0.6296875 0.0375 0.065625
