0 0.29296875 0.928125 0.0625 0.0625
0 0.44765625 0.503125 0.8140625 0.7265625
0 0.271875 0.571875 0.0671875 0.0578125
0 0.23984375 0.11328125 0.0609375 0.075
0 0.2765625 0.88046875 0.0234375 0.03125
0 0.2234375 0.05234375 0.0296875 0.0234375
0 0.25546875 0.38203125 0.0546875 0.065625
0 0.22890625 0.19453125 0.0234375 0.0171875
0 0.25390625 0.32734375 0.053125 0.040625
0 0.22890625 0.1609375 0.0265625 0.0296875
0 0.246875 0.2921875 0.0453125 0.05
0 0.253125 0.471875 0.0328125 0.0234375
0 0.27890625 0.765625 0.046875 0.103125
0 0.27734375 0.7390625 0.04375 0.05
