0 0.94453125 0.66953125 0.065625 0.0671875
0 0.50703125 0.5515625 0.7875 0.865625
0 0.59140625 0.72109375 0.0625 0.071875
0 0.1375 0.79296875 0.0796875 0.0671875
0 0.8984375 0.6890625 0.0328125 0.0265625
0 0.078125 0.8140625 0.0265625 0.03125
0 0.40390625 0.75390625 0.0703125 0.059375
0 0.21953125 0.796875 0.01875 0.0234375
0 0.35 0.76015625 0.0453125 0.0546875
0 0.1859375 0.8 0.03125 0.0296875
0 0.31484375 0.7703125 0.053125 0.0484375
0 0.49375 0.7484375 0.0265625 0.034375
0 0.78359375 0.696875 0.1046875 0.05625
0 0.75703125 0.7015625 0.053125 0.046875
