0 0.39921875 0.30703125 0.6703125 0.6140625
0 0.6328125 0.8859375 0.0359375 0.04375
0 0.65703125 0.71484375 0.0421875 0.0640625
0 0.7171875 0.44921875 0.0390625 0.0421875
0 0.70078125 0.5890625 0.04375 0.025
0 0.7171875 0.2796875 0.0359375 0.0625
0 0.709375 0.515625 0.0421875 0.0421875
0 0.75078125 0.21953125 0.0421875 0.0453125
0 0.725 0.3875 0.0390625 0.0484375
0 0.66640625 0.63984375 0.08125 0.0421875
0 0.75703125 0.08671875 0.0265625 0.0328125
0 0.74765625 0.1796875 0.05 0.046875
0 0.69140625 0.4796875 0.034375 0.05
0 0.72890625 0.14609375 0.040625 0.0734375
0 0.6625 0.63984375 0.0375 0.0546875
0 0.73828125 0.1625 0.0375 0.0453125
