0 0.6140625 0.69921875 0.56484375 0.53359375
0 0.9109375 0.66796875 0.17578125 0.559375
0 0.49921875 0.65078125 0.9984375 0.6265625
0 0.6796875 0.4375 0.22265625 0.0828125
0 0.36015625 0.4375 0.05625 0.103125
0 0.9671875 0.36875 0.0625 0.04609375
0 0.53671875 0.425 0.1484375 0.09921875
0 0.76875 0.35546875 0.059375 0.03671875
0 0.49296875 0.365625 0.05625 0.04453125
0 0.1515625 0.5421875 0.2125 0.2765625
0 0.23984375 0.37109375 0.03515625 0.05859375
0 0.26640625 0.4890625 0.12109375 0.2265625
0 0.07890625 0.496875 0.1578125 0.21796875
0 0.55625 0.36875 0.0484375 0.03828125
0 0.6046875 0.38046875 0.03046875 0.0625
