0 0.25390625 0.8890625 0.3171875 0.221875
0 0.18515625 0.57265625 0.309375 0.2609375
0 0.8734375 0.771875 0.253125 0.215625
0 0.48828125 0.496875 0.265625 0.309375
0 0.12578125 0.259375 0.2515625 0.175
0 0.5765625 0.82421875 0.296875 0.2671875
0 0.76015625 0.17734375 0.3328125 0.2421875
0 0.42109375 0.1875 0.2578125 0.3359375
0 0.796875 0.41953125 0.2609375 0.225
0 0.8171875 0.08046875 0.125 0.1609375
0 0.7578125 0.52421875 0.1625 0.134375
0 0.8109375 0.915625 0.1 0.05625
0 0.31875 0.2640625 0.0578125 0.0328125
