0 0.5203125 0.47265625 0.20390625 0.509375
0 0.3171875 0.3609375 0.1625 0.5109375
0 0.859375 0.4296875 0.21484375 0.4484375
0 0.06484375 0.503125 0.1296875 0.6234375
0 0.1171875 0.3859375 0.1296875 0.45859375
0 0.45078125 0.22890625 0.034375 0.1109375
0 0.6890625 0.2671875 0.14765625 0.24296875
0 0.9796875 0.30546875 0.03828125 0.196875
0 0.9078125 0.215625 0.02890625 0.1234375
0 0.60546875 0.2171875 0.028125 0.10390625
0 0.8421875 0.19765625 0.0828125 0.08203125
0 0.8171875 0.321875 0.13359375 0.33046875
