0 0.46328125 0.48984375 0.9109375 0.9796875
0 0.82734375 0.92578125 0.059375 0.0703125
0 0.56953125 0.88671875 0.3171875 0.2265625
0 0.86171875 0.5328125 0.10625 0.171875
0 0.89921875 0.93046875 0.0921875 0.0484375
0 0.85078125 0.39921875 0.0984375 0.1234375
0 0.82890625 0.06328125 0.071875 0.0953125
0 0.79921875 0.01328125 0.1234375 0.0265625
0 0.82421875 0.72109375 0.215625 0.21875
0 0.83671875 0.1421875 0.071875 0.0765625
0 0.84140625 0.309375 0.0890625 0.096875
0 0.8421875 0.2484375 0.0515625 0.0515625
0 0.83828125 0.21640625 0.0796875 0.05625
0 0.66953125 0.01484375 0.1296875 0.0296875
0 0.85234375 0.1625 0.071875 0.0921875
0 0.88359375 0.83671875 0.0953125 0.0765625
0 0.81640625 0.79765625 0.0953125 0.1609375
