0 0.42890625 0.30078125 0.6640625 0.6015625
0 0.13828125 0.27109375 0.2765625 0.5421875
0 0.5 0.38125 1 0.7625
0 0.3109375 0.5234375 0.234375 0.1265625
0 0.6234375 0.58984375 0.0765625 0.1125
0 0.025 0.53125 0.05 0.059375
0 0.4484375 0.565625 0.165625 0.128125
0 0.20703125 0.58515625 0.065625 0.0484375
0 0.47890625 0.6328125 0.0640625 0.0546875
0 0.84921875 0.53125 0.265625 0.3140625
0 0.72734375 0.68046875 0.0453125 0.065625
0 0.7265625 0.559375 0.165625 0.246875
0 0.90546875 0.590625 0.1890625 0.246875
0 0.41796875 0.61640625 0.0546875 0.046875
0 0.37265625 0.5953125 0.04375 0.0671875
