0 0.32109375 0.62578125 0.54140625 0.6015625
0 0.8640625 0.31484375 0.03828125 0.03046875
0 0.690625 0.31484375 0.05859375 0.03515625
0 0.41953125 0.2921875 0.03828125 0.03515625
0 0.56015625 0.2890625 0.0203125 0.040625
0 0.2515625 0.315625 0.06015625 0.028125
0 0.48671875 0.290625 0.03671875 0.03828125
0 0.1875 0.290625 0.04140625 0.03828125
0 0.35703125 0.29296875 0.04296875 0.0328125
0 0.615625 0.315625 0.03203125 0.07890625
0 0.0546875 0.303125 0.0296875 0.02265625
0 0.1484375 0.29921875 0.03984375 0.0453125
0 0.453125 0.31328125 0.046875 0.028125
0 0.11796875 0.32265625 0.0703125 0.03046875
0 0.615625 0.31953125 0.0515625 0.03046875
0 0.1328125 0.3109375 0.04140625 0.0328125
