0 0.59296875 0.6890625 0.6859375 0.621875
0 0.38125 0.109375 0.0375 0.0421875
0 0.35078125 0.28046875 0.04375 0.0640625
0 0.28125 0.54296875 0.040625 0.0421875
0 0.30234375 0.40390625 0.04375 0.0265625
0 0.275 0.7125 0.0375 0.0640625
0 0.29140625 0.4765625 0.04375 0.04375
0 0.23984375 0.77109375 0.04375 0.0484375
0 0.27109375 0.6046875 0.040625 0.0484375
0 0.33828125 0.35390625 0.0828125 0.04375
0 0.22890625 0.9046875 0.0265625 0.0328125
0 0.24140625 0.81171875 0.0515625 0.0484375
0 0.3078125 0.5140625 0.0359375 0.0515625
0 0.259375 0.8453125 0.04375 0.075
0 0.3421875 0.3546875 0.0390625 0.05625
0 0.25 0.82890625 0.0390625 0.046875
