0 0.159375 0.17578125 0.190625 0.28359375
0 0.49453125 0.1765625 0.209375 0.27265625
0 0.15234375 0.82890625 0.1640625 0.26484375
0 0.50546875 0.4890625 0.2703125 0.2140625
0 0.8140625 0.17578125 0.125 0.25078125
0 0.1671875 0.5078125 0.21796875 0.25703125
0 0.76171875 0.821875 0.1828125 0.3015625
0 0.821875 0.4875 0.3015625 0.19921875
0 0.5171875 0.80703125 0.18125 0.22734375
0 0.8453125 0.89765625 0.14609375 0.09609375
0 0.42265625 0.746875 0.10625 0.14296875
0 0.02890625 0.71796875 0.0375 0.09375
0 0.76875 0.371875 0.02109375 0.0546875
