0 0.47578125 0.5328125 0.89765625 0.79375
0 0.9671875 0.23515625 0.0640625 0.0515625
0 0.89609375 0.48515625 0.19296875 0.29375
0 0.5828125 0.14609375 0.16015625 0.08515625
0 0.98203125 0.16484375 0.03515625 0.0875
0 0.44921875 0.13828125 0.11328125 0.08359375
0 0.11328125 0.11328125 0.0875 0.0609375
0 0.03359375 0.13203125 0.06640625 0.11484375
0 0.7640625 0.209375 0.19296875 0.190625
0 0.1921875 0.11640625 0.06875 0.06328125
0 0.35859375 0.13515625 0.08671875 0.07890625
0 0.2984375 0.12578125 0.0453125 0.0453125
0 0.26640625 0.12578125 0.04765625 0.0734375
0 0.025 0.26171875 0.05 0.1234375
0 0.21484375 0.10390625 0.08515625 0.0609375
0 0.88671875 0.1671875 0.06640625 0.0875
0 0.8390625 0.228125 0.1515625 0.07578125
