0 0.9125 0.73671875 0.05703125 0.05859375
0 0.49921875 0.55234375 0.675 0.76796875
0 0.55546875 0.7328125 0.05234375 0.0640625
0 0.09609375 0.7328125 0.071875 0.05703125
0 0.8640625 0.74921875 0.0296875 0.02109375
0 0.034375 0.74453125 0.02265625 0.028125
0 0.365625 0.7359375 0.06171875 0.05078125
0 0.1765625 0.74921875 0.01640625 0.02109375
0 0.3109375 0.73359375 0.0375 0.04921875
0 0.14296875 0.746875 0.028125 0.02578125
0 0.275 0.73828125 0.04765625 0.0421875
0 0.4546875 0.74453125 0.02109375 0.03125
0 0.74921875 0.7390625 0.1 0.040625
0 0.72265625 0.7390625 0.04765625 0.040625
