1 0.34765625 0.15859375 0.46875 0.2734375
1 0.421875 0.415625 0.521875 0.2484375
1 0.375 0.76953125 0.50625 0.25625
1 0.45859375 0.5984375 0.9109375 0.2984375
1 0.70234375 0.44765625 0.196875 0.121875
1 0.7984375 0.309375 0.1703125 0.11875
1 0.69921875 0.87109375 0.2234375 0.1203125
1 0.70390625 0.759375 0.2625 0.115625
1 0.7640625 0.92578125 0.18125 0.1484375
1 0.66875 0.17421875 0.246875 0.1890625
1 0.6796875 0.73203125 0.2046875 0.0703125
1 0.65546875 0.2578125 0.15 0.08125
1 0.6828125 0.23203125 0.2046875 0.14375
