1 0.69296875 0.8203125 0.4515625 0.2359375
1 0.58828125 0.57421875 0.5078125 0.20625
1 0.59140625 0.2171875 0.490625 0.2140625
1 0.5296875 0.396875 0.896875 0.221875
1 0.30546875 0.5765625 0.1890625 0.10625
1 0.22734375 0.72578125 0.1625 0.10625
1 0.25703125 0.15546875 0.215625 0.1015625
1 0.26640625 0.2671875 0.25625 0.09375
1 0.18515625 0.1078125 0.1703125 0.1375
1 0.37265625 0.84375 0.234375 0.1703125
1 0.29296875 0.2921875 0.2015625 0.053125
1 0.375 0.759375 0.1453125 0.0703125
1 0.35078125 0.78828125 0.19375 0.128125
