1 0.1765625 0.6875 0.22734375 0.44609375
1 0.42421875 0.58671875 0.19609375 0.5046875
1 0.78125 0.59609375 0.20546875 0.48671875
1 0.60234375 0.53125 0.20546875 0.89296875
1 0.4265625 0.30390625 0.10234375 0.1875
1 0.27890625 0.2234375 0.10234375 0.1609375
1 0.8484375 0.26328125 0.0984375 0.2140625
1 0.73671875 0.2703125 0.0890625 0.2546875
1 0.89765625 0.1921875 0.13359375 0.16953125
1 0.15859375 0.36640625 0.16484375 0.23203125
1 0.71171875 0.296875 0.04921875 0.20078125
1 0.24296875 0.3703125 0.0671875 0.14296875
1 0.2140625 0.34609375 0.125 0.1921875
