3 0.06875 0.46328125 0.1375 0.3578125
3 0.97578125 0.3703125 0.0421875 0.18515625
3 0.3953125 0.55859375 0.23125 0.3515625
3 0.13984375 0.56796875 0.18984375 0.3453125
3 0.85390625 0.51875 0.18359375 0.43203125
3 0.58828125 0.51875 0.2703125 0.3828125
3 0.48046875 0.32421875 0.13828125 0.1421875
3 0.209375 0.515625 0.1796875 0.3515625
3 0.24140625 0.33046875 0.14140625 0.1171875
3 0.20546875 0.4046875 0.1734375 0.1296875
3 0.8796875 0.4046875 0.1640625 0.21640625
3 0.53203125 0.28984375 0.08671875 0.08671875
3 0.3796875 0.3765625 0.1609375 0.19765625
3 0.06875 0.33984375 0.1375 0.1109375
3 0.60625 0.31796875 0.14453125 0.1421875
3 0.734375 0.503125 0.07421875 0.30234375
