3 0.4484375 0.92734375 0.3625 0.1453125
3 0.38671875 0.021875 0.1859375 0.04375
3 0.5546875 0.60703125 0.359375 0.24375
3 0.55546875 0.8625 0.3515625 0.203125
3 0.53125 0.146875 0.4375 0.2
3 0.521875 0.4125 0.3921875 0.2828125
3 0.3234375 0.51328125 0.146875 0.1421875
3 0.50546875 0.790625 0.3578125 0.1921875
3 0.321875 0.75234375 0.121875 0.146875
3 0.39453125 0.79140625 0.1359375 0.178125
3 0.41796875 0.1171875 0.221875 0.171875
3 0.29140625 0.4609375 0.090625 0.090625
3 0.37265625 0.615625 0.203125 0.1671875
3 0.325 0.92578125 0.115625 0.140625
3 0.321875 0.3875 0.146875 0.1484375
3 0.5109375 0.265625 0.30625 0.0859375
