3 0.425 0.92109375 0.36875 0.1578125
3 0.4125 0.021875 0.1875 0.04375
3 0.54921875 0.609375 0.3703125 0.2609375
3 0.5359375 0.86484375 0.3609375 0.2203125
3 0.54921875 0.14921875 0.4453125 0.221875
3 0.5265625 0.4140625 0.4046875 0.303125
3 0.3234375 0.50390625 0.153125 0.15
3 0.490625 0.790625 0.365625 0.209375
3 0.30859375 0.74296875 0.1296875 0.1515625
3 0.3796875 0.78515625 0.14375 0.184375
3 0.43828125 0.11328125 0.2296875 0.1828125
3 0.29375 0.45 0.0953125 0.0953125
3 0.36640625 0.609375 0.209375 0.178125
3 0.303125 0.915625 0.121875 0.146875
3 0.328125 0.378125 0.1546875 0.15625
3 0.5234375 0.26640625 0.3078125 0.1015625
