3 0.20234375 0.6296875 0.1078125 0.271875
3 0.321875 0.5578125 0.07109375 0.184375
3 0.81015625 0.57890625 0.1203125 0.28671875
3 0.69453125 0.60546875 0.0984375 0.2609375
3 0.578125 0.571875 0.1015625 0.23125
3 0.928125 0.634375 0.14140625 0.33671875
3 0.1109375 0.46796875 0.06875 0.13203125
3 0.50546875 0.4375 0.0890625 0.08203125
3 0.41015625 0.56875 0.06015625 0.2328125
3 0.1796875 0.47265625 0.0625 0.11171875
3 0.1421875 0.43046875 0.08515625 0.0890625
3 0.48515625 0.61484375 0.13515625 0.309375
3 0.6859375 0.47421875 0.0609375 0.05
3 0.2515625 0.503125 0.0765625 0.18984375
3 0.2859375 0.4796875 0.06015625 0.165625
3 0.16796875 0.39921875 0.07109375 0.05
3 0.2375 0.42265625 0.0875 0.078125
3 0.68515625 0.56640625 0.06484375 0.23125
3 0.41953125 0.43046875 0.0640625 0.078125
3 0.78046875 0.55234375 0.0609375 0.2328125
