3 0.43515625 0.18203125 0.2890625 0.1625
3 0.48046875 0.3140625 0.1953125 0.109375
3 0.35859375 0.78671875 0.30625 0.178125
3 0.35625 0.66796875 0.275 0.15
3 0.41328125 0.56171875 0.246875 0.146875
3 0.2796875 0.890625 0.359375 0.209375
3 0.6125 0.12578125 0.1421875 0.0953125
3 0.56015625 0.51796875 0.0984375 0.1046875
3 0.4515625 0.39765625 0.240625 0.10625
3 0.59296875 0.1921875 0.1234375 0.084375
3 0.6421875 0.16484375 0.1046875 0.1015625
3 0.390625 0.46171875 0.33125 0.1953125
3 0.48671875 0.6875 0.0609375 0.0703125
3 0.5484375 0.25625 0.203125 0.1140625
3 0.5640625 0.29453125 0.175 0.0921875
3 0.66796875 0.19609375 0.0640625 0.08125
3 0.63046875 0.259375 0.0953125 0.1015625
3 0.396875 0.6671875 0.2390625 0.1125
3 0.584375 0.4359375 0.0890625 0.078125
3 0.390625 0.76328125 0.240625 0.1078125
