3 0.6140625 0.80390625 0.2765625 0.121875
3 0.5484375 0.68125 0.1875 0.08125
3 0.5953125 0.19453125 0.29375 0.1359375
3 0.615625 0.3109375 0.265625 0.1125
3 0.57578125 0.42578125 0.2359375 0.1140625
3 0.65625 0.0796875 0.34375 0.1578125
3 0.44765625 0.88671875 0.134375 0.075
3 0.4375 0.49140625 0.0859375 0.09375
3 0.5640625 0.59296875 0.2359375 0.071875
3 0.45625 0.81875 0.115625 0.06875
3 0.41171875 0.85390625 0.09375 0.090625
3 0.6140625 0.52109375 0.315625 0.15
3 0.484375 0.31328125 0.053125 0.0640625
3 0.48984375 0.7484375 0.19375 0.0859375
3 0.46875 0.7125 0.16875 0.0671875
3 0.38203125 0.8265625 0.053125 0.075
3 0.409375 0.7578125 0.0828125 0.0921875
3 0.57578125 0.31875 0.234375 0.078125
3 0.4265625 0.5765625 0.08125 0.06875
3 0.5671875 0.22265625 0.2359375 0.0734375
