3 0.21875 0.18984375 0.2578125 0.2390625
3 0.30078125 0.8234375 0.3234375 0.340625
3 0.60078125 0.46796875 0.6578125 0.515625
3 0.2546875 0.01171875 0.140625 0.0234375
3 0.240625 0.32578125 0.2203125 0.25
3 0.43828125 0.29375 0.6140625 0.4171875
3 0.1578125 0.89453125 0.1390625 0.1390625
3 0.3375 0.45390625 0.1734375 0.2
3 0.50078125 0.734375 0.4828125 0.259375
3 0.23046875 0.75234375 0.1484375 0.2015625
3 0.58125 0.3671875 0.475 0.31875
3 0.32421875 0.55078125 0.1796875 0.24375
3 0.22265625 0.90390625 0.2671875 0.1578125
