3 0.76796875 0.178125 0.20859375 0.23203125
3 0.15234375 0.34765625 0.3046875 0.28359375
3 0.54609375 0.5953125 0.4359375 0.603125
3 0.97109375 0.1859375 0.05 0.134375
3 0.63671875 0.21875 0.22421875 0.190625
3 0.6953125 0.41015625 0.33984375 0.571875
3 0.06171875 0.21640625 0.1234375 0.1234375
3 0.5234375 0.3328125 0.18125 0.14921875
3 0.26796875 0.53359375 0.196875 0.45859375
3 0.2125 0.26796875 0.18515625 0.1234375
3 0.64296875 0.56171875 0.25859375 0.44296875
3 0.425 0.3328125 0.22421875 0.14921875
3 0.06171875 0.28125 0.1234375 0.25234375
