3 0.78671875 0.80546875 0.2546875 0.2359375
3 0.69375 0.1734375 0.31875 0.3375
3 0.4 0.534375 0.6515625 0.50625
3 0.75390625 0.9859375 0.1390625 0.028125
3 0.7625 0.6703125 0.2171875 0.246875
3 0.565625 0.7046875 0.609375 0.4078125
3 0.83515625 0.09921875 0.1375 0.1375
3 0.66328125 0.54375 0.1703125 0.1984375
3 0.4953125 0.265625 0.4796875 0.2515625
3 0.765625 0.24296875 0.1453125 0.1984375
3 0.42109375 0.634375 0.471875 0.3109375
3 0.675 0.44609375 0.1765625 0.2421875
3 0.7703125 0.09140625 0.265625 0.153125
