2 0.31484375 0.08671875 0.1203125 0.10234375
2 0.8015625 0.5625 0.23671875 0.24140625
2 0.2234375 0.26796875 0.125 0.125
2 0.77421875 0.12734375 0.09375 0.1296875
2 0.46875 0.0984375 0.0984375 0.125
2 0.61171875 0.52890625 0.07109375 0.1296875
2 0.69609375 0.2296875 0.0890625 0.1296875
2 0.06015625 0.60078125 0.08515625 0.14765625
2 0.2078125 0.62265625 0.26328125 0.23671875
2 0.41484375 0.7078125 0.14296875 0.21015625
2 0.40625 0.53125 0.17890625 0.10703125
2 0.10703125 0.49296875 0.1609375 0.21015625
2 0.45546875 0.2390625 0.0984375 0.1203125
2 0.9171875 0.66328125 0.15625 0.17421875
2 0.5671875 0.71015625 0.44609375 0.20546875
