2 0.49296875 0.63359375 0.08515625 0.3484375
2 0.13828125 0.53984375 0.05390625 0.1515625
2 0.43515625 0.56484375 0.0578125 0.20078125
2 0.2859375 0.6875 0.10703125 0.39296875
2 0.2078125 0.7296875 0.0578125 0.27265625
2 0.62734375 0.51328125 0.03125 0.0890625
2 0.88359375 0.6359375 0.1875 0.40625
2 0.203125 0.5265625 0.03984375 0.14296875
2 0.35078125 0.52890625 0.10234375 0.07578125
2 0.5578125 0.5265625 0.0625 0.125
2 0.7078125 0.5421875 0.0578125 0.1921875
2 0.53984375 0.5203125 0.0359375 0.10234375
2 0.93515625 0.57109375 0.07578125 0.2765625
2 0.6765625 0.53125 0.03984375 0.1609375
2 0.234375 0.53828125 0.03984375 0.1828125
