2 0.490625 0.63359375 0.090625 0.35
2 0.1375 0.53359375 0.05625 0.153125
2 0.434375 0.5640625 0.0609375 0.2015625
2 0.2828125 0.68359375 0.1125 0.3953125
2 0.20390625 0.72421875 0.0625 0.2734375
2 0.62734375 0.515625 0.0328125 0.0890625
2 0.88125 0.64296875 0.1953125 0.409375
2 0.20234375 0.52109375 0.04375 0.14375
2 0.35 0.5265625 0.1046875 0.0765625
2 0.55703125 0.52734375 0.0640625 0.1265625
2 0.70703125 0.54609375 0.0609375 0.19375
2 0.53984375 0.52109375 0.0375 0.103125
2 0.93359375 0.57890625 0.0796875 0.278125
2 0.67578125 0.534375 0.04375 0.1609375
2 0.23359375 0.53359375 0.04375 0.1828125
