2 0.096875 0.70625 0.109375 0.125
2 0.546875 0.1953125 0.253125 0.25
2 0.2828125 0.78828125 0.13125 0.13125
2 0.11328125 0.2453125 0.134375 0.1
2 0.10078125 0.55234375 0.1296875 0.1046875
2 0.52265625 0.38671875 0.1328125 0.078125
2 0.21953125 0.31796875 0.134375 0.0953125
2 0.6234375 0.93359375 0.1515625 0.0921875
2 0.6375 0.78515625 0.2515625 0.275
2 0.71171875 0.57421875 0.2171875 0.1546875
2 0.5359375 0.5921875 0.115625 0.1828125
2 0.51328125 0.89296875 0.2171875 0.171875
2 0.24140625 0.5578125 0.125 0.1046875
2 0.64140625 0.07890625 0.1828125 0.1578125
2 0.70625 0.421875 0.2296875 0.4578125
