2 0.4765625 0.63203125 0.1265625 0.35625
2 0.1359375 0.4953125 0.071875 0.15625
2 0.428125 0.55625 0.08125 0.20625
2 0.26484375 0.66015625 0.153125 0.403125
2 0.18203125 0.6921875 0.090625 0.2765625
2 0.625 0.52890625 0.0421875 0.0921875
2 0.8640625 0.68203125 0.2359375 0.4265625
2 0.20234375 0.48984375 0.0578125 0.146875
2 0.3484375 0.51015625 0.1109375 0.0875
2 0.55390625 0.53359375 0.0765625 0.13125
2 0.70078125 0.5671875 0.08125 0.1984375
2 0.53671875 0.525 0.0484375 0.10625
2 0.9234375 0.6234375 0.1078125 0.284375
2 0.67109375 0.55234375 0.059375 0.1640625
2 0.23203125 0.50546875 0.0625 0.1859375
